0.5
5   1.7961   4.4
5.02   1.86072   4.4
5.04   1.92889   4.4
5.06   2.00088   4.4
5.08   2.07697   4.4
5.1   2.15748   4.4
5.12   2.24276   4.4
5.14   2.3332   4.4
5.16   2.42921   4.4
5.18   2.53126   4.4
5.2   2.63988   4.4
5.22   2.75564   4.4
5.24   2.87917   4.4
5.26   3.01119   4.4
5.28   3.15249   4.4
5.3   3.30397   4.4
5.32   3.46662   4.4
5.34   3.64156   4.4
5.36   3.83007   4.4
5.38   4.03358   4.4
5.4   4.25372   4.4
5.42   4.49237   4.4
5.44   4.75163   4.4
5.46   5.03397   4.4
5.48   5.34219   4.4
5.5   5.67954   4.4
5.52   6.04981   4.4
5.54   6.45742   4.4
5.56   6.90755   4.4
5.58   7.4063   4.4
5.6   7.96092   4.4
5.62   8.58005   4.4
5.64   9.27406   4.4
5.66   10.0555   4.4
5.68   10.9396   4.4
5.7   11.945   4.4
5.72   13.095   4.4
5.74   14.4185   4.4
5.76   15.952   4.4
5.78   17.7421   4.4
5.8   19.8488   4.4552
5.82   22.351   4.72768
5.84   25.3529   5.03516
5.86   28.9955   5.38475
5.88   33.4723   5.78553
5.9   39.0547   6.24938
5.92   46.1317   6.79203
5.94   55.2769   7.43485
5.96   67.372   8.20805
5.98   83.8668   9.15788
6   107.397   10.3632
6.02   143.168   11.9653
6.04   201.367   14.1904
6.06   299.541   17.3073
6.08   461.424   21.4808
6.1   704.362   26.5398
6.12   989.483   31.456
6.14   1131.39   33.6362
6.16   974.316   31.214
6.18   688.201   26.2336
6.2   449.874   21.2102
6.22   292.343   17.098
6.24   197.103   14.0393
6.26   140.608   11.8578
6.28   105.764   10.2842
6.3   82.7509   9.09675
6.32   66.5676   8.1589
6.34   54.676   7.39432
6.36   45.671   6.75804
6.38   38.6943   6.22048
6.4   33.1854   5.76067
6.42   28.7634   5.36316
6.44   25.1627   5.01624
6.46   22.1932   4.71097
6.48   19.7166   4.44034
6.5   17.6302   4.4
6.52   15.8565   4.4
6.54   14.3364   4.4
6.56   13.0238   4.4
6.58   11.883   4.4
6.6   10.8851   4.4
6.62   10.0075   4.4
6.64   9.23152   4.4
6.66   8.54218   4.4
6.68   7.92706   4.4
6.7   7.3759   4.4
6.72   6.88016   4.4
6.74   6.43266   4.4
6.76   6.02735   4.4
6.78   5.6591   4.4
6.8   5.32353   4.4
6.82   5.0169   4.4
6.84   4.73598   4.4
6.86   4.47797   4.4
6.88   4.24046   4.4
6.9   4.02133   4.4
6.92   3.81873   4.4
6.94   3.63105   4.4
6.96   3.45685   4.4
6.98   3.29488   4.4
7   3.14402   4.4
7.02   3.00328   4.4
7.04   2.87178   4.4
7.06   2.74871   4.4
7.08   2.63339   4.4
7.1   2.52517   4.4
7.12   2.42347   4.4
7.14   2.3278   4.4
7.16   2.23767   4.4
7.18   2.15268   4.4
7.2   2.07244   4.4
7.22   1.99659   4.4
7.24   1.92483   4.4
7.26   1.85687   4.4
7.28   1.79245   4.4
7.3   1.73132   4.4
7.32   1.67326   4.4
7.34   1.61807   4.4
7.36   1.56557   4.4
7.38   1.51558   4.4
7.4   1.46794   4.4
7.42   1.42252   4.4
7.44   1.37917   4.4
7.46   1.33777   4.4
7.48   1.2982   4.4
7.5   1.26037   4.4
7.52   1.22416   4.4
7.54   1.1895   4.4
7.56   1.15628   4.4
7.58   1.12444   4.4
7.6   0   4.4
7.62   0   4.4
7.64   0   4.4
7.66   0   4.4
7.68   0   4.4
7.7   0   4.4
7.72   0   4.4
7.74   0   4.4
7.76   0   4.4
7.78   0   4.4
7.8   0   4.4
7.82   0   4.4
7.84   0   4.4
7.86   0   4.4
7.88   0   4.4
7.9   0   4.4
7.92   0   4.4
7.94   0   4.4
7.96   0   4.4
7.98   0   4.4
8   0   4.4
8.02   0   4.4
8.04   0   4.4
8.06   0   4.4
8.08   0   4.4
8.1   0   4.4
8.12   0   4.4
8.14   0   4.4
8.16   0   4.4
8.18   0   4.4
8.2   0   4.4
8.22   0   4.4
8.24   0   4.4
8.26   0   4.4
8.28   0   4.4
8.3   0   4.4
8.32   0   4.4
8.34   0   4.4
8.36   0   4.4
8.38   0   4.4
8.4   0   4.4
8.42   0   4.4
8.44   0   4.4
8.46   0   4.4
8.48   0   4.4
8.5   0   4.4
8.52   0   4.4
8.54   0   4.4
8.56   0   4.4
8.58   2.89873   4.4
8.6   2.98007   4.4
8.62   3.06488   4.4
8.64   3.15336   4.4
8.66   3.24573   4.4
8.68   3.34222   4.4
8.7   3.44307   4.4
8.72   3.54856   4.4
8.74   3.65897   4.4
8.76   3.7746   4.4
8.78   3.89581   4.4
8.8   4.02294   4.4
8.82   4.15639   4.4
8.84   4.2966   4.4
8.86   4.44401   4.4
8.88   4.59914   4.4
8.9   4.76253   4.4
8.92   4.93478   4.4
8.94   5.11654   4.4
8.96   5.30852   4.4
8.98   5.51151   4.4
9   5.72635   4.4
9.02   5.954   4.4
9.04   6.19548   4.4
9.06   6.45194   4.4
9.08   6.72465   4.4
9.1   7.01501   4.4
9.12   7.32456   4.4
9.14   7.65504   4.4
9.16   8.00838   4.4
9.18   8.38674   4.4
9.2   8.79251   4.4
9.22   9.22843   4.4
9.24   9.69754   4.4
9.26   10.2033   4.4
9.28   10.7496   4.4
9.3   11.341   4.4
9.32   11.9824   4.4
9.34   12.6797   4.4
9.36   13.4396   4.4
9.38   14.2697   4.4
9.4   15.1791   4.4
9.42   16.178   4.4
9.44   17.2786   4.4
9.46   18.4952   4.4
9.48   19.8446   4.45472
9.5   21.3467   4.62025
9.52   23.0255   4.79849
9.54   24.9097   4.99096
9.56   27.0341   5.19943
9.58   29.4411   5.42596
9.6   32.1829   5.673
9.62   35.3243   5.94343
9.64   38.9465   6.24071
9.66   43.152   6.56902
9.68   48.0725   6.93343
9.7   53.878   7.34016
9.72   60.7925   7.79695
9.74   69.1141   8.31349
9.76   79.2475   8.90211
9.78   91.7515   9.5787
9.8   107.414   10.3641
9.82   127.374   11.286
9.84   153.327   12.3825
9.86   187.922   13.7084
9.88   235.629   15.3502
9.9   304.822   17.4592
9.92   412.189   20.3025
9.94   589.575   24.2812
9.96   888.808   29.8129
9.98   1373.03   37.0544
10   2066.09   45.4542
10.02   2773.94   52.6682
10.04   2925.46   54.0875
10.06   2346.42   48.4398
10.08   1604.36   40.0545
10.1   1041.07   32.2656
10.12   681.381   26.1033
10.14   466.535   21.5994
10.16   338.317   18.3934
10.18   257.76   16.0549
10.2   203.493   14.2651
10.22   164.772   12.8363
10.24   136.041   11.6636
10.26   114.128   10.6831
10.28   97.0523   9.85152
10.3   93.3049   9.65944
10.32   82.6527   9.09135
10.34   74.0066   8.60271
10.36   66.9131   8.18004
10.38   61.0402   7.81282
10.4   56.1405   7.4927
10.42   52.027   7.21298
10.44   48.5564   6.96824
10.46   45.6173   6.75406
10.48   43.1225   6.56677
10.5   41.0028   6.40334
10.52   39.2029   6.26122
10.54   37.6784   6.13828
10.56   36.3933   6.03269
10.58   35.3183   5.94292
10.6   34.4295   5.86767
10.62   33.7074   5.8058
10.64   33.1358   5.75637
10.66   32.7019   5.71856
10.68   32.395   5.69166
10.7   32.2065   5.67508
10.72   32.13   5.66833
10.74   32.1601   5.67099
10.76   32.2933   5.68272
10.78   32.527   5.70324
10.8   32.8598   5.73235
10.82   33.2917   5.76989
10.84   34.8675   5.90487
10.86   35.5299   5.9607
10.88   36.2981   6.02479
10.9   37.1761   6.09722
10.92   38.1689   6.1781
10.94   39.283   6.26761
10.96   40.5258   6.36599
10.98   41.9065   6.47352
11   43.4357   6.59058
11.02   45.1258   6.71758
11.04   46.9913   6.85502
11.06   49.049   7.0035
11.08   51.3185   7.16369
11.1   53.8224   7.33638
11.12   56.5872   7.52245
11.14   59.6438   7.72294
11.16   63.0281   7.93903
11.18   66.7828   8.17207
11.2   70.9576   8.42364
11.22   75.612   8.69552
11.24   80.8164   8.98979
11.26   86.6552   9.30888
11.28   93.2303   9.65558
11.3   100.665   10.0332
11.32   109.11   10.4456
11.34   118.751   10.8973
11.36   129.82   11.3939
11.38   142.605   11.9417
11.4   157.473   12.5488
11.42   174.895   13.2248
11.44   195.481   13.9814
11.46   220.033   14.8335
11.48   249.626   15.7996
11.5   285.718   16.9032
11.52   327.553   18.0984
11.54   383.606   19.5859
11.56   455.166   21.3346
11.58   548.426   23.4185
11.6   673.128   25.9447
11.62   845.929   29.0849
11.64   1098.38   33.1417
11.66   1493.43   38.6449
11.68   2149.56   46.3633
11.7   3254.38   57.0472
11.72   5024.29   70.8822
11.74   7495.16   86.5746
11.76   9831.24   99.1526
11.78   10000   100
11.8   7806.67   88.3553
11.82   5282.19   72.6787
11.84   3426.27   58.5343
11.86   2256.22   47.4996
11.88   1560.34   39.5012
11.9   1143.98   33.8227
11.92   880.827   29.6787
11.94   702.825   26.5108
11.96   575.882   23.9975
11.98   482.232   21.9598
12   411.662   20.2894
12.02   357.808   18.9158
12.04   316.535   17.7914
12.06   285.139   16.8861
12.08   261.912   16.1837
12.1   245.919   15.6818
12.12   236.944   15.393
12.14   235.649   15.3509
12.16   244.151   15.6253
12.18   267.428   16.3532
12.2   315.666   17.767
12.22   406.28   20.1564
12.24   561.846   23.7033
12.26   795.284   28.2008
12.28   1054.15   32.4677
12.3   1144.65   33.8327
12.32   957.735   30.9473
12.34   681.424   26.1041
12.36   461.949   21.493
12.38   318.404   17.8439
12.4   231.003   15.1988
12.42   177.918   13.3386
12.44   143.948   11.9978
12.46   120.56   10.98
12.48   103.43   10.17
12.5   90.3332   9.50438
12.52   80.0143   8.94507
12.54   71.6905   8.46702
12.56   64.8436   8.05255
12.58   59.1168   7.68875
12.6   54.2577   7.36598
12.62   50.0833   7.07696
12.64   46.4581   6.81602
12.66   43.2801   6.57876
12.68   40.4708   6.36167
12.7   37.9693   6.16193
12.72   35.7274   5.97724
12.74   35.7041   5.97529
12.76   33.9285   5.82482
12.78   32.3195   5.68502
12.8   30.8561   5.55483
12.82   29.5209   5.43332
12.84   28.2993   5.31971
12.86   27.1788   5.21333
12.88   26.1491   5.11362
12.9   25.2011   5.02007
12.92   24.3272   4.93226
12.94   23.5206   4.84981
12.96   22.7757   4.77239
12.98   22.0873   4.69972
13   21.4513   4.63155
13.02   20.8637   4.56768
13.04   20.3213   4.50792
13.06   19.8212   4.4521
13.08   19.3609   4.4001
13.1   18.9382   4.4
13.12   18.5512   4.4
13.14   18.1983   4.4
13.16   17.8781   4.4
13.18   17.5896   4.4
13.2   17.3319   4.4
13.22   17.1042   4.4
13.24   16.906   4.4
13.26   7.16531   4.4
13.28   7.27738   4.4
13.3   7.40892   4.4
13.32   7.56075   4.4
13.34   7.73387   4.4
13.36   7.92948   4.4
13.38   8.14902   4.4
13.4   8.39416   4.4
13.42   8.66686   4.4
13.44   8.96938   4.4
13.46   9.30434   4.4
13.48   9.67479   4.4
13.5   10.0842   4.4
13.52   10.5368   4.4
13.54   11.0371   4.4
13.56   11.5907   4.4
13.58   12.2039   4.4
13.6   12.8844   4.4
13.62   13.6409   4.4
13.64   14.4837   4.4
13.66   15.4252   4.4
13.68   16.48   4.4
13.7   17.6659   4.4
13.72   19.0038   4.4
13.74   20.5198   4.52987
13.76   21.2108   4.60551
13.78   23.2122   4.8179
13.8   25.5093   5.05067
13.82   28.163   5.30688
13.84   31.2506   5.59022
13.86   34.8714   5.9052
13.88   39.1544   6.25735
13.9   44.2701   6.65358
13.92   50.4466   7.10257
13.94   57.9948   7.61543
13.96   67.3468   8.20651
13.98   79.1157   8.8947
14   94.1943   9.70537
14.02   113.95   10.6747
14.04   140.476   11.8523
14.06   177.512   13.3233
14.08   232.193   15.2379
14.1   318.747   17.8535
14.12   463.408   21.5269
14.14   706.185   26.5741
14.16   1089.54   33.0082
14.18   1605.41   40.0676
14.2   2038.17   45.1461
14.22   1978.76   44.4833
14.24   1495.89   38.6767
14.26   999.356   31.6126
14.28   646.883   25.4339
14.3   427.673   20.6803
14.32   297.602   17.2512
14.34   219.166   14.8042
14.36   168.908   12.9965
14.38   134.428   11.5943
14.4   109.511   10.4647
14.42   90.8612   9.53211
14.44   76.5448   8.74899
14.46   65.3282   8.08258
14.48   56.3857   7.50904
14.5   49.1475   7.01052
14.52   43.2098   6.57342
14.54   38.2812   6.18718
14.56   34.1468   5.84353
14.58   30.6459   5.53587
14.6   27.656   5.2589
14.62   25.0831   5.0083
14.64   22.8534   4.78052
14.66   20.9089   4.57262
14.68   19.2033   4.4
14.7   17.6993   4.4
14.72   16.3666   4.4
14.74   15.1804   4.4
14.76   14.1202   4.4
14.78   13.169   4.4
14.8   12.3127   4.4
14.82   11.5392   4.4
14.84   10.8386   4.4
14.86   10.2022   4.4
14.88   9.62276   4.4
14.9   9.09403   4.4
14.92   8.61063   4.4
14.94   8.16798   4.4
14.96   7.76211   4.4
14.98   7.3896   4.4
15   7.04755   4.4
15.02   6.73347   4.4
15.04   6.44526   4.4
15.06   6.18118   4.4
15.08   5.93987   4.4
15.1   5.72029   4.4
15.12   5.52178   4.4
15.14   5.34409   4.4
15.16   5.18743   4.4
15.18   5.05261   4.4
15.2   4.94117   4.4
15.22   4.85568   4.4
15.24   4.80013   4.4
15.26   4.78055   4.4
15.28   4.80615   4.4
15.3   4.89107   4.4
15.32   5.05806   4.4
15.34   5.34663   4.4
15.36   5.83241   4.4
15.38   6.66684   4.4
15.4   8.13378   4.4
15.42   10.6785   4.4
15.44   14.8036   4.4
15.46   20.5482   4.53301
15.48   25.8121   5.08056
15.5   25.8243   5.08176
15.52   20.4757   4.52501
15.54   14.5365   4.4
15.56   10.1974   4.4
15.58   7.44869   4.4
15.6   5.78963   4.4
15.62   4.77056   4.4
15.64   4.1027   4.4
15.66   3.63119   4.4
15.68   3.27834   4.4
15.7   1.06959   4.4
15.72   0.899503   4.4
15.74   0.766522   4.4
15.76   0.660698   4.4
15.78   0.575176   4.4
15.8   0.505118   4.4
15.82   0.447034   4.4
15.84   0.398361   4.4
15.86   0.357182   4.4
15.88   0.322041   4.4
15.9   0.291818   4.4
15.92   0.265641   4.4
15.94   0.242822   4.4
15.96   0.222811   4.4
15.98   1.33118   4.4
16   1.34737   4.4
16.02   1.36664   4.4
16.04   1.38883   4.4
16.06   1.41383   4.4
16.08   1.44156   4.4
16.1   1.47197   4.4
16.12   1.50506   4.4
16.14   1.54084   4.4
16.16   1.57934   4.4
16.18   1.62063   4.4
16.2   1.66478   4.4
16.22   1.7119   4.4
16.24   1.7621   4.4
16.26   1.81554   4.4
16.28   1.87237   4.4
16.3   1.93277   4.4
16.32   1.99697   4.4
16.34   2.0652   4.4
16.36   2.13771   4.4
16.38   2.2148   4.4
16.4   2.29681   4.4
16.42   2.38408   4.4
16.44   2.47703   4.4
16.46   2.5761   4.4
16.48   2.68179   4.4
16.5   2.79465   4.4
16.52   2.9153   4.4
16.54   3.04444   4.4
16.56   3.18283   4.4
16.58   3.33135   4.4
16.6   3.49096   4.4
16.62   3.66277   4.4
16.64   3.848   4.4
16.66   4.04807   4.4
16.68   4.26457   4.4
16.7   4.49931   4.4
16.72   4.75438   4.4
16.74   5.03214   4.4
16.76   5.33535   4.4
16.78   5.66717   4.4
16.8   6.03128   4.4
16.82   6.43199   4.4
16.84   6.87431   4.4
16.86   7.36419   4.4
16.88   7.90863   4.4
16.9   8.51601   4.4
16.92   9.19635   4.4
16.94   9.96175   4.4
16.96   10.8269   4.4
16.98   11.7875   4.4
17   12.911   4.4
17.02   18.3287   4.4
17.04   19.9372   4.46511
17.06   21.7976   4.66879
17.08   23.9674   4.89565
17.1   26.5217   5.14992
17.12   29.5594   5.43686
17.14   33.2138   5.76314
17.16   37.6668   6.13733
17.18   43.1725   6.57058
17.2   50.093   7.07764
17.22   58.9587   7.67846
17.24   70.5759   8.40095
17.26   86.2476   9.28696
17.28   108.29   10.4062
17.3   141.221   11.8836
17.32   193.99   13.928
17.34   282.579   16.8101
17.36   430.018   20.7369
17.38   657.349   25.6388
17.4   945.115   30.7427
17.42   1140.02   33.7641
17.44   1041.14   32.2668
17.46   760.668   27.5802
17.48   504.922   22.4705
17.5   330.557   18.1812
17.52   223.985   14.9661
17.54   161.028   12.6897
17.56   122.845   11.0836
17.58   98.1793   9.90855
17.6   81.2068   9.01148
17.62   68.9991   8.30657
17.64   59.9722   7.74417
17.66   53.1778   7.29231
17.68   48.0055   6.9286
17.7   44.0455   6.63668
17.72   41.0148   6.40428
17.74   38.7148   6.22212
17.76   37.0033   6.08304
17.78   35.7782   5.98149
17.8   34.9656   5.91317
17.82   34.5125   5.87473
17.84   34.3817   5.86359
17.86   34.5487   5.87781
17.88   34.9987   5.91597
17.9   35.726   5.97712
17.92   36.7325   6.06074
17.94   38.0279   6.16667
17.96   39.6291   6.29517
17.98   41.5616   6.44683
18   43.8599   6.62268
18.02   46.5692   6.82416
18.04   49.7475   7.05319
18.06   53.4687   7.31223
18.08   57.827   7.60441
18.1   62.9422   7.93361
18.12   68.9678   8.30469
18.14   76.1024   8.72367
18.16   84.605   9.1981
18.18   94.8182   9.73747
18.2   107.201   10.3538
18.22   122.38   11.0626
18.24   141.224   11.8838
18.26   164.965   12.8439
18.28   195.393   13.9783
18.3   235.197   15.3361
18.32   288.63   16.9891
18.34   363.025   19.0532
18.36   472.367   21.734
18.38   644.565   25.3883
18.4   931.629   30.5226
18.42   1414.42   37.6088
18.44   2182.6   46.7183
18.46   3236.41   56.8895
18.48   4178.11   64.6383
18.5   4151.96   64.4357
18.52   3188.19   56.464
18.54   2142.73   46.2897
18.56   1387.92   37.2548
18.58   915.286   30.2537
18.6   634.442   25.1881
18.62   465.628   21.5784
18.64   358.049   18.9222
18.66   284.595   16.8699
18.68   231.682   15.2211
18.7   197.388   14.0495
18.72   167.242   12.9322
18.74   143.689   11.987
18.76   124.966   11.1788
18.78   109.859   10.4814
18.8   97.511   9.87477
18.82   87.3025   9.34358
18.84   78.7787   8.87574
18.86   71.5996   8.46166
18.88   65.5071   8.09364
18.9   59.2256   7.69582
18.92   54.7825   7.40152
18.94   50.9497   7.1379
18.96   47.6301   6.90146
18.98   44.7461   6.68925
19   42.2348   6.49883
19.02   40.045   6.32811
19.04   38.1347   6.17533
19.06   36.4692   6.03898
19.08   35.0201   5.91778
19.1   33.7636   5.81065
19.12   32.68   5.71664
19.14   31.7529   5.63497
19.16   30.9688   5.56496
19.18   30.3165   5.50605
19.2   29.787   5.45774
19.22   29.3727   5.41966
19.24   29.0681   5.39148
19.26   28.8688   5.37297
19.28   28.7718   5.36393
19.3   28.7752   5.36426
19.32   28.8786   5.37388
19.34   29.0824   5.39281
19.36   29.3884   5.4211
19.38   29.7994   5.45888
19.4   30.3196   5.50632
19.42   30.9546   5.56368
19.44   31.7113   5.63127
19.46   32.5984   5.7095
19.48   33.6264   5.79883
19.5   34.8082   5.89985
19.52   36.1589   6.01323
19.54   37.6967   6.13976
19.56   39.4433   6.28039
19.58   41.4248   6.43621
19.6   43.6721   6.60848
19.62   46.2225   6.79871
19.64   49.3057   7.0218
19.66   52.6122   7.25342
19.68   56.3881   7.5092
19.7   60.7151   7.79199
19.72   65.6943   8.1052
19.74   71.4517   8.45291
19.76   78.1462   8.84003
19.78   85.9797   9.27253
19.8   95.2126   9.7577
19.82   106.184   10.3046
19.84   119.343   10.9244
19.86   135.29   11.6314
19.88   154.851   12.4439
19.9   179.17   13.3854
19.92   209.881   14.4873
19.94   249.375   15.7916
19.96   301.26   17.3569
19.98   367.337   19.166
20   465.97   21.5863
20.02   612.907   24.757
20.04   847.611   29.1138
20.06   1241.47   35.2345
20.08   1899.63   43.5848
20.1   2924.41   54.0778
20.12   4254.17   65.224
20.14   5238.38   72.3767
20.16   4891.08   69.9363
20.18   3609.44   60.0786
20.2   2391.28   48.9007
20.22   1548.51   39.3511
20.24   1029.76   32.0899
20.26   722.381   26.8771
20.28   535.858   23.1486
20.3   415.206   20.3766
20.32   331.762   18.2143
20.34   271.135   16.4662
20.36   225.595   15.0198
20.38   190.543   13.8037
20.4   163.023   12.7681
20.42   141.048   11.8764
20.44   123.24   11.1014
20.46   108.622   10.4222
20.48   96.4848   9.82267
20.5   86.3065   9.29013
20.52   77.6953   8.81449
20.54   70.3531   8.38768
20.56   64.0503   8.00314
20.58   58.608   7.65559
20.6   53.8854   7.34066
20.62   49.7709   7.05485
20.64   46.1756   6.79526
20.66   43.0286   6.55962
20.68   40.2733   6.34612
20.7   37.865   6.15345
20.72   35.7692   5.98074
20.74   33.9607   5.82758
20.76   32.4226   5.69409
20.78   31.1471   5.58096
20.8   30.1361   5.48964
20.82   29.4033   5.42248
20.84   28.9778   5.3831
20.86   28.9106   5.37685
20.88   29.285   5.41156
20.9   30.2374   5.49885
20.92   32.0005   5.65689
20.94   35.0074   5.9167
20.96   40.1236   6.33432
20.98   49.0457   7.00326
21   64.6835   8.04261
21.02   90.9324   9.53585
21.04   130.507   11.424
21.06   176.457   13.2837
21.08   197.662   14.0592
21.1   170.503   13.0577
21.12   123.161   11.0978
21.14   84.162   9.17399
21.16   58.3848   7.641
21.18   42.7008   6.53458
21.2   33.2763   5.76856
21.22   27.3584   5.23053
21.24   23.379   4.83518
21.26   20.5512   4.53335
21.28   18.4948   4.4
21.3   17.0313   4.4
21.32   16.0888   4.4
21.34   15.6308   4.4
21.36   15.5091   4.4
21.38   15.1852   4.4
21.4   14.1168   4.4
21.42   12.704   4.4
21.44   11.4774   4.4
21.46   10.5461   4.4
21.48   9.85212   4.4
21.5   9.31904   4.4
21.52   8.88935   4.4
21.54   8.52815   4.4
21.56   8.21612   4.4
21.58   7.9423   4.4
21.6   7.6998   4.4
21.62   2.4644   4.4
21.64   2.40499   4.4
21.66   2.36098   4.4
21.68   2.33072   4.4
21.7   2.31296   4.4
21.72   2.30685   4.4
21.74   2.31176   4.4
21.76   2.32733   4.4
21.78   2.35337   4.4
21.8   2.38988   4.4
21.82   2.43705   4.4
21.84   2.49521   4.4
21.86   2.56486   4.4
21.88   2.64671   4.4
21.9   2.74164   4.4
21.92   2.85077   4.4
21.94   4.19665   4.4
21.96   4.37279   4.4
21.98   4.56958   4.4
22   4.78954   4.4
22.02   5.03563   4.4
22.04   5.31148   4.4
22.06   5.62145   4.4
22.08   5.97083   4.4
22.1   6.36612   4.4
22.12   6.81531   4.4
22.14   7.32832   4.4
22.16   7.91758   4.4
22.18   8.59885   4.4
22.2   10.0569   4.4
22.22   11.007   4.4
22.24   12.1306   4.4
22.26   13.4732   4.4
22.28   15.0972   4.4
22.3   17.0882   4.4
22.32   19.5673   4.42349
22.34   22.7096   4.76546
22.36   26.7763   5.17458
22.38   32.1762   5.6724
22.4   39.6031   6.2931
22.42   50.3625   7.09666
22.44   67.0579   8.18889
22.46   94.628   9.72769
22.48   141.018   11.8751
22.5   215.689   14.6863
22.52   321.404   17.9278
22.54   425.83   20.6356
22.56   442.18   21.0281
22.58   351.639   18.752
22.6   241.102   15.5275
22.62   158.462   12.5882
22.64   106.098   10.3004
22.66   75.0074   8.66068
22.68   56.5682   7.52118
22.7   45.0887   6.71481
22.72   37.4726   6.12149
22.74   32.1677   5.67165
22.76   28.3697   5.32632
22.78   25.6196   5.06158
22.8   23.632   4.86127
22.82   22.2202   4.71383
22.84   21.2564   4.61047
22.86   20.6627   4.54562
22.88   20.3794   4.51435
22.9   20.3701   4.51333
22.92   20.6138   4.54024
22.94   21.1013   4.59362
22.96   21.8343   4.67272
22.98   22.8247   4.77752
23   24.0948   4.90865
23.02   25.6789   5.06744
23.04   27.6257   5.25601
23.06   30.0018   5.47739
23.08   32.8979   5.73566
23.1   36.437   6.03631
23.12   40.7879   6.38654
23.14   46.1845   6.79592
23.16   52.9573   7.27717
23.18   61.5834   7.84751
23.2   72.772   8.53065
23.22   87.6256   9.36086
23.24   107.996   10.3921
23.26   137.326   11.7186
23.28   182.467   13.508
23.3   256.876   16.0274
23.32   381.415   19.5299
23.34   583.121   24.1479
23.36   873.829   29.5606
23.38   1178.32   34.3267
23.4   1259.58   35.4906
23.42   1027.51   32.0548
23.44   716.916   26.7753
23.46   480.225   21.914
23.48   331.674   18.2119
23.5   247.632   15.7363
23.52   204.475   14.2995
23.54   187.7   13.7004
23.56   192.624   13.8789
23.58   223.106   14.9367
23.6   289.891   17.0262
23.62   405.926   20.1476
23.64   569.256   23.8591
23.66   711.947   26.6823
23.68   696.313   26.3877
23.7   534.804   23.1258
23.72   364.628   19.0952
23.74   242.312   15.5664
23.76   165.382   12.8601
23.78   119.135   10.9149
23.8   90.8222   9.53007
23.82   72.3796   8.50762
23.84   59.509   7.71421
23.86   50.0458   7.0743
23.88   42.8392   6.54516
23.9   37.211   6.10008
23.92   32.7269   5.72074
23.94   29.0942   5.3939
23.96   26.1094   5.10974
23.98   23.6275   4.86081
24   21.5427   4.64141
24.02   19.7766   4.44709
24.04   17.967   4.4
24.06   16.689   4.4
24.08   15.5903   4.4
24.1   14.6435   4.4
24.12   13.8274   4.4
24.14   13.1251   4.4
24.16   12.5233   4.4
24.18   12.0118   4.4
24.2   11.5828   4.4
24.22   11.2305   4.4
24.24   10.9509   4.4
24.26   10.7421   4.4
24.28   10.6036   4.4
24.3   10.5368   4.4
24.32   10.5452   4.4
24.34   10.6345   4.4
24.36   10.8131   4.4
24.38   11.0931   4.4
24.4   11.4909   4.4
24.42   12.0292   4.4
24.44   12.7386   4.4
24.46   13.6615   4.4
24.48   14.8571   4.4
24.5   16.4089   4.4
24.52   18.4375   4.4
24.54   21.1222   4.59589
24.56   24.7401   4.97394
24.58   29.7513   5.45447
24.6   37.0006   6.08281
24.62   48.164   6.94003
24.64   66.4991   8.1547
24.66   97.5251   9.87548
24.68   148.487   12.1855
24.7   223.999   14.9666
24.72   309.318   17.5874
24.74   344.68   18.5656
24.76   290.447   17.0425
24.78   203.727   14.2733
24.8   133.774   11.5661
24.82   88.0615   9.38411
24.84   60.5321   7.78024
24.86   42.9663   6.55486
24.88   32.8435   5.73092
24.9   26.1221   5.11098
24.92   21.3815   4.62401
24.94   17.8969   4.4
24.96   15.2639   4.4
24.98   13.2337   4.4
25   11.6437   4.4
25.02   10.3836   4.4
25.04   9.37668   4.4
25.06   8.56891   4.4
25.08   7.9216   4.4
25.1   7.40709   4.4
25.12   7.00579   4.4
25.14   6.70436   4.4
25.16   5.84961   4.4
25.18   5.74468   4.4
25.2   5.72772   4.4
25.22   5.80422   4.4
25.24   5.98539   4.4
25.26   6.28984   4.4
25.28   6.74656   4.4
25.3   7.97126   4.4
25.32   8.90526   4.4
25.34   10.2137   4.4
25.36   12.0845   4.4
25.38   14.8746   4.4
25.4   19.2984   4.4
25.42   26.7046   5.16765
25.44   39.2403   6.2642
25.46   59.4068   7.70758
25.48   87.7186   9.36582
25.5   114.873   10.7179
25.52   117.492   10.8394
25.54   92.5017   9.61778
25.56   63.2516   7.95308
25.58   41.6308   6.45219
25.6   27.9648   5.28818
25.62   19.8252   4.45255
25.64   14.9519   4.4
25.66   11.8709   4.4
25.68   9.78511   4.4
25.7   8.29488   4.4
25.72   7.19171   4.4
25.74   6.35537   4.4
25.76   5.71022   4.4
25.78   5.20605   4.4
25.8   4.80839   4.4
25.82   4.49304   4.4
25.84   4.24267   4.4
25.86   4.04463   4.4
25.88   3.88961   4.4
25.9   3.77066   4.4
25.92   3.68256   4.4
25.94   3.62143   4.4
25.96   3.58436   4.4
25.98   3.56923   4.4
26   3.57456   4.4
26.02   5.44061   4.4
26.04   5.53601   4.4
26.06   5.65247   4.4
26.08   5.79041   4.4
26.1   5.9506   4.4
26.12   6.13418   4.4
26.14   6.34274   4.4
26.16   6.57826   4.4
26.18   6.84327   4.4
26.2   6.81073   4.4
26.22   7.15348   4.4
26.24   7.53683   4.4
26.26   7.96636   4.4
26.28   8.44891   4.4
26.3   8.99287   4.4
26.32   9.60854   4.4
26.34   10.3087   4.4
26.36   11.1094   4.4
26.38   12.0309   4.4
26.4   13.0991   4.4
26.42   14.3472   4.4
26.44   15.8192   4.4
26.46   17.5733   4.4
26.48   19.6882   4.43714
26.5   22.2724   4.71936
26.52   25.4784   5.04762
26.54   29.5262   5.4338
26.56   34.7418   5.89422
26.58   41.6322   6.4523
26.6   51.0469   7.14471
26.62   64.5647   8.03522
26.64   85.327   9.23726
26.66   119.369   10.9256
26.68   176.659   13.2913
26.7   269.684   16.4221
26.72   404.432   20.1105
26.74   547.484   23.3984
26.76   589.048   24.2703
26.78   482.148   21.9579
26.8   335.026   18.3037
26.82   221.235   14.874
26.84   148.251   12.1758
26.86   104.834   10.2389
26.88   79.2905   8.90452
26.9   63.6482   7.97798
26.92   53.495   7.31403
26.94   46.6153   6.82754
26.96   41.8774   6.47128
26.98   38.6498   6.2169
27   36.4399   6.03655
27.02   35.2315   5.93561
27.04   34.7615   5.89589
27.06   34.9422   5.91119
27.08   35.7321   5.97763
27.1   37.1276   6.09324
27.12   39.1601   6.25781
27.14   41.8969   6.47278
27.16   45.4468   6.74142
27.18   49.9708   7.069
27.2   56.3728   7.50818
27.22   63.6533   7.9783
27.24   72.9376   8.54035
27.26   84.9097   9.21465
27.28   100.591   10.0295
27.3   121.569   11.0258
27.32   150.501   12.2679
27.34   192.307   13.8675
27.36   256.775   16.0242
27.38   362.799   19.0473
27.4   541.908   23.2789
27.42   834.343   28.885
27.44   1261.98   35.5243
27.46   1727.51   41.5633
27.48   1885.02   43.4168
27.5   1555.84   39.4441
27.52   1077.93   32.8319
27.54   702.216   26.4993
27.56   459.08   21.4261
27.58   313.205   17.6976
27.6   226.409   15.0469
27.62   172.303   13.1264
27.64   136.148   11.6682
27.66   110.504   10.5121
27.68   91.5555   9.56846
27.7   77.1534   8.7837
27.72   65.966   8.12195
27.74   57.1172   7.55759
27.76   50.0087   7.07168
27.78   44.2211   6.64989
27.8   39.4539   6.28124
27.82   35.4877   5.95716
27.84   32.1594   5.67092
27.86   29.3458   5.41717
27.88   26.9532   5.19165
27.9   24.9081   4.99081
27.92   23.154   4.81186
27.94   21.646   4.65253
27.96   20.3486   4.51094
27.98   19.2334   4.4
28   18.2779   4.4
28.02   17.4643   4.4
28.04   16.7784   4.4
28.06   16.2094   4.4
28.08   15.7491   4.4
28.1   15.3927   4.4
28.12   15.1356   4.4
28.14   14.9773   4.4
28.16   14.9192   4.4
28.18   14.9649   4.4
28.2   15.121   4.4
28.22   14.8333   4.4
28.24   15.2582   4.4
28.26   15.8348   4.4
28.28   16.5878   4.4
28.3   17.5506   4.4
28.32   18.7675   4.4
28.34   20.2982   4.50535
28.36   22.2241   4.71424
28.38   24.6577   4.96565
28.4   27.7573   5.26852
28.42   31.7502   5.63473
28.44   36.9718   6.08044
28.46   43.9365   6.62846
28.48   53.4877   7.31353
28.5   67.1507   8.19455
28.52   87.9317   9.37719
28.54   121.733   11.0333
28.56   178.82   13.3724
28.58   273.302   16.5319
28.6   416.187   20.4007
28.62   587.338   24.2351
28.64   680.312   26.0828
28.66   594.238   24.377
28.68   423.353   20.5756
28.7   278.112   16.6767
28.72   181.392   13.4682
28.74   122.728   11.0783
28.76   87.9209   9.37661
28.78   66.4935   8.15436
28.8   52.3714   7.23681
28.82   42.4508   6.51543
28.84   35.1602   5.9296
28.86   29.6342   5.44373
28.88   25.3466   5.03454
28.9   21.9545   4.68556
28.92   19.2255   4.4
28.94   15.1758   4.4
28.96   13.3815   4.4
28.98   12.1587   4.4
29   10.9075   4.4
29.02   9.84618   4.4
29.04   8.9389   4.4
29.06   8.15788   4.4
29.08   7.48142   4.4
29.1   6.89239   4.4
29.12   6.37714   4.4
29.14   5.92482   4.4
29.16   5.52682   4.4
29.18   5.17657   4.4
29.2   4.86963   4.4
29.22   4.60421   4.4
29.24   4.38173   4.4
29.26   4.20624   4.4
29.28   4.08003   4.4
29.3   3.98716   4.4
29.32   3.86529   4.4
29.34   3.66641   4.4
29.36   3.44579   4.4
29.38   3.25721   4.4
29.4   3.11032   4.4
29.42   3.00089   4.4
29.44   2.92621   4.4
29.46   2.89005   4.4
29.48   2.9025   4.4
29.5   2.97297   4.4
29.52   3.0837   4.4
29.54   3.13438   4.4
29.56   3.01732   4.4
29.58   2.81566   4.4
29.6   2.64291   4.4
29.62   3.56717   4.4
29.64   3.52443   4.4
29.66   3.51437   4.4
29.68   3.52657   4.4
29.7   3.55509   4.4
29.72   3.59713   4.4
29.74   3.65155   4.4
29.76   3.71807   4.4
29.78   3.79689   4.4
29.8   3.88855   4.4
29.82   4.27045   4.4
29.84   4.39832   4.4
29.86   4.54269   4.4
29.88   4.70532   4.4
29.9   4.88836   4.4
29.92   5.09439   4.4
29.94   5.32658   4.4
29.96   5.58881   4.4
29.98   5.88582   4.4
30   6.22348   4.4
30.02   6.60911   4.4
30.04   7.05193   4.4
30.06   7.56365   4.4
30.08   8.15937   4.4
30.1   8.2029   4.4
30.12   9.04965   4.4
30.14   10.0605   4.4
30.16   11.2837   4.4
30.18   12.7866   4.4
30.2   14.6657   4.4
30.22   17.0632   4.4
30.24   20.1979   4.49421
30.26   24.4305   4.94273
30.28   30.4192   5.51536
30.3   39.4656   6.28216
30.32   54.1067   7.35573
30.34   78.6749   8.86989
30.36   118.94   10.906
30.38   178.846   13.3733
30.4   247.784   15.7412
30.42   279.362   16.7141
30.44   238.941   15.4577
30.46   170.101   13.0423
30.48   113.854   10.6702
30.5   77.1104   8.78125
30.52   55.2037   7.42992
30.54   42.492   6.51859
30.56   34.941   5.91109
30.58   30.2579   5.50072
30.6   27.2873   5.22372
30.62   25.4513   5.04493
30.64   24.7601   4.97595
30.66   24.4075   4.94039
30.68   24.6058   4.96042
30.7   25.3082   5.03072
30.72   26.5074   5.14853
30.74   28.2311   5.31329
30.76   30.5428   5.52655
30.78   33.5473   5.792
30.8   37.404   6.11588
30.82   42.3458   6.50737
30.84   48.7146   6.97959
30.86   57.0197   7.55114
30.88   68.0439   8.24887
30.9   83.0671   9.11412
30.92   104.392   10.2173
30.94   136.542   11.6851
30.96   188.414   13.7264
30.98   275.598   16.6011
31   419.836   20.4899
31.02   639.018   25.2788
31.04   906.173   30.1027
31.06   1063.14   32.6059
31.08   944.119   30.7265
31.1   683.899   26.1515
31.12   460.155   21.4512
31.14   313.771   17.7136
31.16   231.112   15.2024
31.18   193.149   13.8978
31.2   188.308   13.7225
31.22   212.905   14.5913
31.24   263.96   16.2468
31.26   319.398   17.8717
31.28   322.948   17.9708
31.3   259.771   16.1174
31.32   184.09   13.568
31.34   126.868   11.2636
31.36   89.7212   9.47213
31.38   66.8031   8.17332
31.4   52.4766   7.24408
31.42   42.9883   6.55654
31.44   36.2683   6.02231
31.46   31.2583   5.59092
31.48   27.3996   5.23446
31.5   24.354   4.93497
31.52   21.9129   4.68113
31.54   19.9329   4.46463
31.56   18.3136   4.4
31.58   16.9833   4.4
31.6   15.8904   4.4
31.62   14.9972   4.4
31.64   14.2761   4.4
31.66   13.7078   4.4
31.68   13.2792   4.4
31.7   12.9827   4.4
31.72   12.8154   4.4
31.74   12.7798   4.4
31.76   12.8835   4.4
31.78   13.1404   4.4
31.8   13.5723   4.4
31.82   14.2111   4.4
31.84   15.103   4.4
31.86   16.3147   4.4
31.88   17.6785   4.4
31.9   19.8721   4.45781
31.92   22.8407   4.7792
31.94   26.9316   5.18957
31.96   32.7527   5.723
31.98   41.4773   6.44029
32   55.4436   7.44605
32.02   78.9395   8.88479
32.04   118.434   10.8827
32.06   180.616   13.4393
32.08   263.422   16.2303
32.1   330.323   18.1748
32.12   316.717   17.7965
32.14   238.184   15.4332
32.16   159.568   12.632
32.18   104.224   10.209
32.2   69.9047   8.36091
32.22   49.5347   7.03809
32.24   37.2137   6.1003
32.26   29.2869   5.41174
32.28   23.9114   4.88993
32.3   19.9661   4.46835
32.32   17.0165   4.4
32.34   14.7611   4.4
32.36   13.0083   4.4
32.38   11.6307   4.4
32.4   10.5419   4.4
32.42   9.68248   4.4
32.44   9.0125   4.4
32.46   8.50615   4.4
32.48   8.14943   4.4
32.5   7.93943   4.4
32.52   6.86792   4.4
32.54   7.02275   4.4
32.56   7.4097   4.4
32.58   8.13176   4.4
32.6   9.40045   4.4
32.62   11.6373   4.4
32.64   15.5776   4.4
32.66   22.2299   4.71486
32.68   32.3678   5.68927
32.7   44.4896   6.67005
32.72   50.8913   7.13381
32.74   44.506   6.67128
32.76   31.9656   5.65381
32.78   21.6218   4.64993
32.8   14.7911   4.4
32.82   10.7425   4.4
32.84   9.20482   4.4
32.86   8.15222   4.4
32.88   7.88994   4.4
32.9   8.11425   4.4
32.92   8.17029   4.4
32.94   7.3738   4.4
32.96   6.12749   4.4
32.98   5.05982   4.4
33   4.31363   4.4
33.02   3.82629   4.4
33.04   3.51019   4.4
33.06   3.29903   4.4
33.08   3.15292   4.4
33.1   3.0504   4.4
33.12   2.97995   4.4
33.14   2.93491   4.4
33.16   2.91111   4.4
33.18   2.90589   4.4
33.2   2.91761   4.4
33.22   2.94533   4.4
33.24   2.98873   4.4
33.26   3.048   4.4
33.28   3.12381   4.4
33.3   3.21732   4.4
33.32   3.33027   4.4
33.34   3.46505   4.4
33.36   3.62487   4.4
33.38   3.81398   4.4
33.4   4.03804   4.4
33.42   4.3046   4.4
33.44   4.62385   4.4
33.46   5.00979   4.4
33.48   5.48195   4.4
33.5   6.06823   4.4
33.52   6.8096   4.4
33.54   7.76868   4.4
33.56   9.04793   4.4
33.58   10.5155   4.4
33.6   13.1786   4.4
33.62   17.4247   4.4
33.64   24.4875   4.94849
33.66   36.0473   6.00394
33.68   53.37   7.30548
33.7   73.8695   8.59474
33.72   84.636   9.19978
33.74   74.2146   8.61479
33.76   54.2779   7.36736
33.78   37.617   6.13327
33.8   27.8387   5.27624
33.82   21.5025   4.63708
33.84   18.0113   4.4
33.86   16.1509   4.4
33.88   15.2281   4.4
33.9   14.8995   4.4
33.92   15.0037   4.4
33.94   15.4665   4.4
33.96   16.2611   4.4
33.98   17.3923   4.4
34   18.8922   4.4
34.02   20.8211   4.56302
34.04   23.274   4.82431
34.06   26.3913   5.13724
34.08   30.3796   5.51176
34.1   35.5447   5.96194
34.12   42.3522   6.50786
34.14   51.5473   7.17965
34.16   64.4326   8.02699
34.18   83.472   9.1363
34.2   113.764   10.666
34.22   164.45   12.8238
34.24   249.429   15.7933
34.26   383.177   19.5749
34.28   561.686   23.6999
34.3   707.383   26.5967
34.32   680.563   26.0876
34.34   512.268   22.6333
34.36   342.646   18.5107
34.38   223.068   14.9355
34.4   148.932   12.2038
34.42   105.02   10.2479
34.44   78.5665   8.86378
34.46   61.6422   7.85126
34.48   50.0713   7.0761
34.5   41.7608   6.46226
34.52   35.599   5.96649
34.54   30.9315   5.56161
34.56   27.3413   5.22889
34.58   24.5498   4.95478
34.6   22.3657   4.72924
34.62   20.6546   4.54473
34.64   19.3205   4.4
34.66   18.2944   4.4
34.68   17.5263   4.4
34.7   16.9803   4.4
34.72   16.6308   4.4
34.74   16.461   4.4
34.76   16.4607   4.4
34.78   16.6259   4.4
34.8   16.9579   4.4
34.82   17.464   4.4
34.84   18.1572   4.4
34.86   19.0573   4.4
34.88   20.1922   4.49357
34.9   21.5998   4.64756
34.92   23.331   4.83022
34.94   25.4539   5.04519
34.96   28.0602   5.29718
34.98   31.2738   5.5923
35   35.2653   5.93846
35.02   40.2729   6.34609
35.04   46.6361   6.82906
35.06   54.8503   7.4061
35.08   65.664   8.10333
35.1   80.271   8.95941
35.12   100.754   10.0376
35.14   131.125   11.451
35.16   179.377   13.3932
35.18   260.105   16.1278
35.2   395.656   19.8911
35.22   609.041   24.6788
35.24   893.788   29.8963
35.26   1125.91   33.5546
35.28   1082.55   32.9022
35.3   813.689   28.5252
35.32   543.122   23.305
35.34   352.17   18.7662
35.36   233.722   15.288
35.38   163.464   12.7853
35.4   121.029   11.0013
35.42   93.7738   9.68369
35.44   75.039   8.6625
35.46   61.4861   7.84131
35.48   51.3407   7.16524
35.5   43.5577   6.59982
35.52   37.4704   6.12131
35.54   32.6333   5.71256
35.56   28.7399   5.36096
35.58   25.5753   5.0572
35.6   22.9869   4.79447
35.62   20.8667   4.56801
35.64   19.1404   4.4
35.66   17.762   4.4
35.68   16.7153   4.4
35.7   16.0266   4.4
35.72   15.7964   4.4
35.74   16.2501   4.4
35.76   17.7705   4.4
35.78   20.1369   4.48742
35.8   24.8583   4.98581
35.82   29.5823   5.43896
35.84   29.8798   5.46624
35.86   25.5489   5.05459
35.88   19.5577   4.42241
35.9   15.0244   4.4
35.92   12.0612   4.4
35.94   10.2075   4.4
35.96   9.02334   4.4
35.98   8.21802   4.4
36   7.63256   4.4
36.02   7.18643   4.4
36.04   7.03477   4.4
36.06   6.76342   4.4
36.08   6.54893   4.4
36.1   6.38087   4.4
36.12   6.25215   4.4
36.14   6.15788   4.4
36.16   6.09481   4.4
36.18   6.06082   4.4
36.2   6.05473   4.4
36.22   6.07614   4.4
36.24   6.12534   4.4
36.26   6.20332   4.4
36.28   6.31174   4.4
36.3   6.45305   4.4
36.32   6.63058   4.4
36.34   6.84872   4.4
36.36   7.11321   4.4
36.38   7.43146   4.4
36.4   7.81306   4.4
36.42   8.27056   4.4
36.44   8.82045   4.4
36.46   9.48468   4.4
36.48   10.2929   4.4
36.5   11.286   4.4
36.52   12.521   4.4
36.54   14.0801   4.4
36.56   16.0844   4.4
36.58   18.7203   4.4
36.6   22.2964   4.72191
36.62   27.3775   5.23235
36.64   35.0821   5.92302
36.66   47.5836   6.89809
36.68   68.5678   8.28057
36.7   102.884   10.1432
36.72   153.658   12.3959
36.74   210.097   14.4947
36.76   234.594   15.3165
36.78   199.102   14.1104
36.8   141.587   11.899
36.82   95.2393   9.75906
36.84   65.1936   8.07425
36.86   47.4287   6.88685
36.88   37.2582   6.10395
36.9   31.3712   5.601
36.92   27.9057   5.28258
36.94   25.936   5.09274
36.96   25.0132   5.00132
36.98   24.9153   4.99153
37   25.5409   5.0538
37.02   26.8688   5.18351
37.04   28.9451   5.38007
37.06   31.8857   5.64674
37.08   35.8923   5.99102
37.1   41.2875   6.42554
37.12   48.5814   6.97004
37.14   58.6143   7.656
37.16   72.8925   8.53771
37.18   94.3643   9.71413
37.2   128.864   11.3518
37.22   186.79   13.6671
37.24   283.078   16.8249
37.26   431.296   20.7677
37.28   618.285   24.8653
37.3   744.032   27.277
37.32   680.346   26.0834
37.34   502.48   22.4161
37.36   343.455   18.5325
37.38   240.438   15.5061
37.4   187.233   13.6833
37.42   172.281   13.1256
37.44   187.19   13.6817
37.46   221.428   14.8805
37.48   244.56   15.6384
37.5   219.279   14.8081
37.52   163.872   12.8013
37.54   114.061   10.6799
37.56   79.5354   8.91826
37.58   57.6781   7.59461
37.6   44.0607   6.63782
37.62   35.2364   5.93603
37.64   29.126   5.39685
37.66   24.6317   4.96303
37.68   21.1836   4.60257
37.7   18.4616   4.4
37.72   16.2668   4.4
37.74   14.4664   4.4
37.76   12.968   4.4
37.78   11.7055   4.4
37.8   10.6302   4.4
37.82   9.70586   4.4
37.84   8.90463   4.4
37.86   8.20511   4.4
37.88   7.59045   4.4
37.9   7.04725   4.4
37.92   6.56475   4.4
37.94   6.13421   4.4
37.96   5.74846   4.4
37.98   5.4016   4.4
38   5.0887   4.4
38.02   4.80566   4.4
38.04   4.54902   4.4
38.06   4.31586   4.4
38.08   4.10371   4.4
38.1   3.91047   4.4
38.12   3.73437   4.4
38.14   3.66851   4.4
38.16   3.52507   4.4
38.18   3.39506   4.4
38.2   3.27764   4.4
38.22   2.95116   4.4
38.24   2.86301   4.4
38.26   2.78574   4.4
38.28   2.71925   4.4
38.3   2.66362   4.4
38.32   2.61916   4.4
38.34   2.58647   4.4
38.36   2.56647   4.4
38.38   2.56051   4.4
38.4   2.57051   4.4
38.42   2.59912   4.4
38.44   2.65007   4.4
38.46   2.72853   4.4
38.48   2.84184   4.4
38.5   3.00054   4.4
38.52   3.2201   4.4
38.54   3.52403   4.4
38.56   3.95001   4.4
38.58   4.56416   4.4
38.6   5.49439   4.4
38.62   6.99517   4.4
38.64   9.76314   4.4
38.66   14.0324   4.4
38.68   20.7287   4.55287
38.7   29.5556   5.4365
38.72   36.4445   6.03693
38.74   34.6481   5.88626
38.76   26.251   5.12358
38.78   17.3585   4.4
38.8   11.6967   4.4
38.82   8.29172   4.4
38.84   6.42605   4.4
38.86   5.51067   4.4
38.88   5.12338   4.4
38.9   4.81824   4.4
38.92   4.24423   4.4
38.94   3.56194   4.4
38.96   2.82204   4.4
38.98   2.44725   4.4
39   2.20626   4.4
39.02   2.0561   4.4
39.04   1.96531   4.4
39.06   1.91498   4.4
39.08   1.89481   4.4
39.1   1.89932   4.4
39.12   1.92561   4.4
39.14   1.9723   4.4
39.16   2.03917   4.4
39.18   2.12692   4.4
39.2   2.23717   4.4
39.22   2.3725   4.4
39.24   2.53668   4.4
39.26   2.73488   4.4
39.28   2.97415   4.4
39.3   3.26409   4.4
39.32   3.61786   4.4
39.34   4.05375   4.4
39.36   4.59761   4.4
39.38   5.28681   4.4
39.4   6.177   4.4
39.42   7.355   4.4
39.44   8.96728   4.4
39.46   11.2877   4.4
39.48   15.1552   4.4
39.5   21.0317   4.58603
39.52   30.8957   5.55839
39.54   46.8092   6.84172
39.56   69.5511   8.33973
39.58   92.7852   9.63251
39.6   97.8691   9.89288
39.62   79.1297   8.89549
39.64   55.0979   7.4228
39.66   36.9277   6.07682
39.68   25.4328   5.04309
39.7   18.7005   4.4
39.72   14.8381   4.4
39.74   12.5831   4.4
39.76   11.2498   4.4
39.78   10.5031   4.4
39.8   10.182   4.4
39.82   10.21   4.4
39.84   10.5596   4.4
39.86   11.2396   4.4
39.88   12.2939   4.4
39.9   13.8088   4.4
39.92   15.9312   4.4
39.94   18.9084   4.4
39.96   23.1846   4.81504
39.98   29.6639   5.44646
40   40.0084   6.32522
40.02   57.4228   7.57778
40.04   86.6522   9.30871
40.06   132.507   11.5112
40.08   193.049   13.8942
40.1   240.584   15.5108
40.12   228.624   15.1203
40.14   170.912   13.0733
40.16   114.207   10.6868
40.18   74.548   8.63412
40.2   50.0075   7.0716
40.22   35.4966   5.9579
40.24   26.7366   5.17074
40.26   21.1162   4.59524
40.28   17.2663   4.4
40.3   14.5006   4.4
40.32   12.4531   4.4
40.34   10.9076   4.4
40.36   9.72483   4.4
40.38   8.81607   4.4
40.4   8.11686   4.4
40.42   7.58349   4.4
40.44   7.18532   4.4
40.46   6.90094   4.4
40.48   6.71573   4.4
40.5   6.62027   4.4
40.52   6.60942   4.4
40.54   6.68177   4.4
40.56   6.83945   4.4
40.58   7.08834   4.4
40.6   7.4385   4.4
40.62   7.90511   4.4
40.64   8.5099   4.4
40.66   9.28343   4.4
40.68   10.2685   4.4
40.7   11.5257   4.4
40.72   13.1416   4.4
40.74   15.243   4.4
40.76   18.0212   4.4
40.78   21.7794   4.66684
40.8   27.1191   5.2076
40.82   34.8899   5.90676
40.84   47.166   6.86775
40.86   67.6679   8.22605
40.88   102.163   10.1076
40.9   157.004   12.5301
40.92   232.031   15.2326
40.94   298.452   17.2758
40.96   295.517   17.1906
40.98   226.617   15.0538
41   152.532   12.3504
41.02   99.1971   9.95977
41.04   65.8502   8.11482
41.06   46.0576   6.78657
41.08   34.0858   5.8383
41.1   26.5362   5.15133
41.12   21.4082   4.6269
41.14   17.7477   4.4
41.16   15.0549   4.4
41.18   13.0412   4.4
41.2   11.5278   4.4
41.22   10.4013   4.4
41.24   9.59205   4.4
41.26   9.06397   4.4
41.28   8.81216   4.4
41.3   9.18563   4.4
41.32   9.6713   4.4
41.34   10.8142   4.4
41.36   13.0768   4.4
41.38   17.1772   4.4
41.4   23.8865   4.88738
41.42   33.077   5.75126
41.44   40.8751   6.39337
41.46   39.9685   6.32206
41.48   31.1074   5.5774
41.5   21.9831   4.68862
41.52   15.5687   4.4
41.54   11.7341   4.4
41.56   9.73425   4.4
41.58   8.67158   4.4
41.6   8.38709   4.4
41.62   7.85452   4.4
41.64   6.7981   4.4
41.66   5.71375   4.4
41.68   4.89518   4.4
41.7   4.3421   4.4
41.72   3.98177   4.4
41.74   3.7472   4.4
41.76   3.59354   4.4
41.78   3.49529   4.4
41.8   3.43895   4.4
41.82   3.41728   4.4
41.84   3.4264   4.4
41.86   3.46453   4.4
41.88   3.53142   4.4
41.9   3.62819   4.4
41.92   3.75733   4.4
41.94   3.92287   4.4
41.96   4.13068   4.4
41.98   4.3891   4.4
42   4.70983   4.4
42.02   5.10931   4.4
42.04   5.61104   4.4
42.06   6.24927   4.4
42.08   7.0754   4.4
42.1   8.27678   4.4
42.12   9.78479   4.4
42.14   11.9703   4.4
42.16   15.3665   4.4
42.18   20.9627   4.5785
42.2   30.2855   5.50323
42.22   45.0028   6.70841
42.24   65.0125   8.06303
42.26   82.5598   9.08624
42.28   81.6899   9.03825
42.3   63.7293   7.98306
42.32   44.6536   6.68234
42.34   31.117   5.57826
42.36   22.8734   4.78262
42.38   18.2381   4.4
42.4   15.7497   4.4
42.42   14.4937   4.4
42.44   13.714   4.4
42.46   13.7731   4.4
42.48   14.293   4.4
42.5   15.2596   4.4
42.52   16.7122   4.4
42.54   18.7441   4.4
42.56   21.5202   4.63899
42.58   25.3075   5.03066
42.6   30.5725   5.52924
42.62   38.1838   6.17931
42.64   49.8692   7.06182
42.66   68.9468   8.30342
42.68   100.906   10.0452
42.7   152.666   12.3558
42.72   227.718   15.0903
42.74   308.299   17.5585
42.76   334.703   18.2949
42.78   280.49   16.7478
42.8   205.604   14.3389
42.82   152.807   12.3615
42.84   129.5   11.3798
42.86   133.469   11.5529
42.88   160.49   12.6685
42.9   197.024   14.0365
42.92   207.201   14.3945
42.94   171.398   13.0919
42.96   121.574   11.0261
42.98   82.2869   9.07121
43   56.5114   7.51741
43.02   40.6934   6.37914
43.04   30.9943   5.56725
43.06   24.7478   4.97471
43.08   20.4498   4.52214
43.1   17.3273   4.4
43.12   14.9837   4.4
43.14   13.186   4.4
43.16   11.7901   4.4
43.18   10.7012   4.4
43.2   9.85523   4.4
43.22   9.20939   4.4
43.24   8.73578   4.4
43.26   8.41833   4.4
43.28   8.25113   4.4
43.3   8.23834   4.4
43.32   8.39554   4.4
43.34   8.75303   4.4
43.36   9.497   4.4
43.38   10.4475   4.4
43.4   11.8838   4.4
43.42   14.0851   4.4
43.44   17.6117   4.4
43.46   23.5484   4.85267
43.48   33.7076   5.80582
43.5   50.403   7.09951
43.52   74.8908   8.65395
43.54   101.565   10.078
43.56   110.515   10.5126
43.58   91.47   9.564
43.6   63.8839   7.99274
43.62   42.1883   6.49525
43.64   28.1281   5.3036
43.66   19.6701   4.4351
43.68   14.6168   4.4
43.7   11.4496   4.4
43.72   9.32018   4.4
43.74   7.80053   4.4
43.76   6.59613   4.4
43.78   5.73522   4.4
43.8   5.06449   4.4
43.82   4.53405   4.4
43.84   4.48091   4.4
43.86   4.15197   4.4
43.88   3.89323   4.4
43.9   3.69755   4.4
43.92   3.56663   4.4
43.94   3.51429   4.4
43.96   3.56816   4.4
43.98   3.76193   4.4
44   4.09758   4.4
44.02   4.42247   4.4
44.04   4.37749   4.4
44.06   3.93524   4.4
44.08   3.45142   4.4
44.1   3.0969   4.4
44.12   2.87279   4.4
44.14   2.74133   4.4
44.16   2.66822   4.4
44.18   2.63135   4.4
44.2   2.61891   4.4
44.22   2.31554   4.4
44.24   2.34608   4.4
44.26   2.39104   4.4
44.28   2.45006   4.4
44.3   2.5234   4.4
44.32   2.61182   4.4
44.34   2.71654   4.4
44.36   2.83932   4.4
44.38   2.80469   4.4
44.4   2.97591   4.4
44.42   3.17408   4.4
44.44   3.40411   4.4
44.46   3.6723   4.4
44.48   3.98684   4.4
44.5   4.35848   4.4
44.52   4.80149   4.4
44.54   5.33521   4.4
44.56   5.98626   4.4
44.58   6.79206   4.4
44.6   8.17774   4.4
44.62   9.49143   4.4
44.64   11.2192   4.4
44.66   13.5715   4.4
44.68   16.9423   4.4
44.7   22.1159   4.70276
44.72   30.5851   5.53038
44.74   44.7712   6.69113
44.76   67.6069   8.22234
44.78   100.138   10.0069
44.8   133.118   11.5377
44.82   139.917   11.8286
44.84   113.064   10.6332
44.86   79.0656   8.89188
44.88   53.5122   7.3152
44.9   37.4555   6.12009
44.92   28.1679   5.30735
44.94   22.977   4.79343
44.96   20.1134   4.4848
44.98   18.6295   4.4
45   18.0789   4.4
45.02   18.1666   4.4
45.04   19.0505   4.4
45.06   20.6785   4.54736
45.08   23.1555   4.81202
45.1   26.7556   5.17258
45.12   31.9481   5.65227
45.14   39.6265   6.29496
45.16   51.5878   7.18246
45.18   71.3475   8.44674
45.2   104.866   10.2404
45.22   159.996   12.649
45.24   241.784   15.5494
45.26   334.428   18.2874
45.28   373.306   19.3211
45.3   314.91   17.7457
45.32   220.874   14.8618
45.34   144.903   12.0376
45.36   95.2568   9.75996
45.38   65.3889   8.08634
45.4   47.6799   6.90506
45.42   36.7368   6.06109
45.44   29.5065   5.43199
45.46   24.4427   4.94396
45.48   20.7577   4.55606
45.5   18.0124   4.4
45.52   15.9363   4.4
45.54   14.3582   4.4
45.56   13.1587   4.4
45.58   12.2579   4.4
45.6   11.6008   4.4
45.62   11.1503   4.4
45.64   10.8825   4.4
45.66   10.7841   4.4
45.68   10.8505   4.4
45.7   11.0858   4.4
45.72   11.5029   4.4
45.74   12.1253   4.4
45.76   12.9894   4.4
45.78   14.2108   4.4
45.8   15.7469   4.4
45.82   17.7731   4.4
45.84   20.4615   4.52344
45.86   24.0756   4.90669
45.88   29.0441   5.38926
45.9   36.1318   6.01097
45.92   46.8341   6.84354
45.94   64.1131   8.00706
45.96   93.2545   9.65684
45.98   141.86   11.9105
46   216.833   14.7252
46.02   311.562   17.6511
46.04   375.118   19.368
46.06   341.66   18.484
46.08   248.925   15.7774
46.1   164.654   12.8317
46.12   107.22   10.3547
46.14   72.0764   8.48978
46.16   51.2548   7.15924
46.18   38.5641   6.21
46.2   30.3102   5.50547
46.22   24.5843   4.95825
46.24   20.8124   4.56206
46.26   17.7177   4.4
46.28   15.3674   4.4
46.3   13.4389   4.4
46.32   12.0687   4.4
46.34   11.0501   4.4
46.36   10.3523   4.4
46.38   9.99888   4.4
46.4   10.1573   4.4
46.42   10.9158   4.4
46.44   12.6333   4.4
46.46   15.5085   4.4
46.48   18.9346   4.4
46.5   20.3439   4.51042
46.52   17.8809   4.4
46.54   13.982   4.4
46.56   10.9109   4.4
46.58   9.09512   4.4
46.6   8.345   4.4
46.62   8.34482   4.4
46.64   8.537   4.4
46.66   8.10067   4.4
46.68   7.02292   4.4
46.7   5.9644   4.4
46.72   5.19729   4.4
46.74   4.34146   4.4
46.76   4.04185   4.4
46.78   3.86125   4.4
46.8   3.75601   4.4
46.82   3.70284   4.4
46.84   3.69034   4.4
46.86   3.71315   4.4
46.88   3.76925   4.4
46.9   3.85884   4.4
46.92   3.984   4.4
46.94   4.14874   4.4
46.96   4.41077   4.4
46.98   4.6778   4.4
47   5.0131   4.4
47.02   5.43562   4.4
47.04   5.9731   4.4
47.06   6.66724   4.4
47.08   7.58398   4.4
47.1   8.83705   4.4
47.12   10.6433   4.4
47.14   13.4337   4.4
47.16   18.0058   4.4
47.18   25.5856   5.05822
47.2   37.5013   6.12383
47.22   53.6253   7.32293
47.24   67.6306   8.22378
47.26   66.8094   8.1737
47.28   52.5478   7.24899
47.3   37.5837   6.13055
47.32   27.1041   5.20616
47.34   20.8828   4.56977
47.36   17.5853   4.4
47.38   16.0691   4.4
47.4   15.6539   4.4
47.42   15.9641   4.4
47.44   16.8962   4.4
47.46   18.4513   4.4
47.48   20.7198   4.5519
47.5   23.8875   4.88748
47.52   27.9222   5.28415
47.54   34.1097   5.84035
47.56   43.1595   6.56959
47.58   57.2201   7.5644
47.6   80.4188   8.96765
47.62   119.543   10.9336
47.64   183.028   13.5288
47.66   274.684   16.5736
47.68   371.028   19.2621
47.7   397.527   19.9381
47.72   325.486   18.0412
47.74   229.257   15.1412
47.76   157.979   12.569
47.78   117.406   10.8354
47.8   101.01   10.0504
47.82   99.6066   9.98031
47.84   98.8205   9.94085
47.86   85.0337   9.22137
47.88   63.9842   7.99901
47.9   46.0579   6.7866
47.92   33.6123   5.79761
47.94   25.5344   5.05316
47.96   20.2874   4.50416
47.98   16.7521   4.4
48   14.2212   4.4
48.02   12.3218   4.4
48.04   10.8526   4.4
48.06   9.69614   4.4
48.08   8.7778   4.4
48.1   8.04777   4.4
48.12   7.52034   4.4
48.14   7.07586   4.4
48.16   6.75452   4.4
48.18   6.54786   4.4
48.2   6.45878   4.4
48.22   6.49954   4.4
48.24   6.69528   4.4
48.26   7.09136   4.4
48.28   7.771   4.4
48.3   8.89729   4.4
48.32   10.8004   4.4
48.34   14.1041   4.4
48.36   19.795   4.44915
48.38   29.004   5.38553
48.4   41.8863   6.47197
48.42   53.9545   7.34537
48.44   54.5321   7.38459
48.46   42.8469   6.54576
48.48   29.5681   5.43765
48.5   19.8313   4.45323
48.52   13.6903   4.4
48.54   10.0317   4.4
48.56   7.83948   4.4
48.58   6.65449   4.4
48.6   5.73777   4.4
48.62   5.10689   4.4
48.64   4.67449   4.4
48.66   4.39496   4.4
48.68   4.24674   4.4
48.7   4.22702   4.4
48.72   4.35465   4.4
48.74   4.62489   4.4
48.76   5.28277   4.4
48.78   6.50519   4.4
48.8   8.66318   4.4
48.82   12.1594   4.4
48.84   16.9483   4.4
48.86   21.0785   4.59114
48.88   20.6535   4.54462
48.9   16.1162   4.4
48.92   11.3709   4.4
48.94   8.00356   4.4
48.96   5.9462   4.4
48.98   4.78618   4.4
49   4.13409   4.4
49.02   3.67358   4.4
49.04   3.2552   4.4
49.06   2.90817   4.4
49.08   2.65582   4.4
49.1   2.48414   4.4
49.12   2.37257   4.4
49.14   2.30463   4.4
49.16   1.89005   4.4
49.18   1.89179   4.4
49.2   1.91678   4.4
49.22   1.96397   4.4
49.24   2.03373   4.4
49.26   2.12771   4.4
49.28   2.2489   4.4
49.3   2.40191   4.4
49.32   2.53345   4.4
49.34   2.77474   4.4
49.36   3.07792   4.4
49.38   3.46316   4.4
49.4   3.96065   4.4
49.42   4.61774   4.4
49.44   5.51496   4.4
49.46   6.80392   4.4
49.48   8.78656   4.4
49.5   12.0325   4.4
49.52   17.4499   4.4
49.54   26.1023   5.10904
49.56   38.2318   6.18319
49.58   49.9737   7.06921
49.6   51.4448   7.1725
49.62   41.1685   6.41627
49.64   29.0228   5.38728
49.66   20.1318   4.48685
49.68   14.6721   4.4
49.7   11.6311   4.4
49.72   10.066   4.4
49.74   9.37238   4.4
49.76   9.24252   4.4
49.78   9.55123   4.4
49.8   10.2745   4.4
49.82   11.4566   4.4
49.84   13.2108   4.4
49.86   15.7525   4.4
49.88   19.492   4.41498
49.9   25.2523   5.02517
49.92   34.6196   5.88384
49.94   50.5866   7.11243
49.96   77.1742   8.78489
49.98   117.837   10.8553
50   167.958   12.9599
